100	0	0	NO
100	1	1	YES
1000	1	1	EPRM0A
1000	10	10	PM_SRAMA
1000	11	11	PMEPRMA
1000	12	12	PMEPRM2A
1000	13	13	OPCB_A
1000	2	2	EPRM1A
1000	21	21	EPRM0B
1000	22	22	EPRM1B
1000	23	23	EPRM2B
1000	24	24	FREE3
1000	25	25	SGM_1B
1000	26	26	SGM_2B
1000	27	27	ERC32_B
1000	28	28	BOTPROMB
1000	29	29	COMRAMB
1000	3	3	EPRM2A
1000	30	30	PM_SRAMB
1000	31	31	PMEPRMB
1000	32	32	PMEPRM2B
1000	33	33	OPCB_B
1000	4	4	FREE1
1000	41	41	AST1PROM
1000	42	42	AST1DATA
1000	43	43	AST1DSPF
1000	44	44	NOTUSED1
1000	45	45	NOTUSED2
1000	46	46	AST2PROM
1000	47	47	AST2DATA
1000	48	48	AST2DSPF
1000	49	49	NOTUSED3
1000	5	5	SGM_1A
1000	50	50	NOTUSED4
1000	6	6	SGM_2A
1000	7	7	ERC32_A
1000	71	71	MMURAM1A
1000	76	76	MMUEPRMA
1000	8	8	BOTPROMA
1000	81	81	MMURAM1B
1000	86	86	MMUEPRMB
1000	9	9	COMRAMA
1000	90	90	ACDMRAMA
1000	91	91	ACDMRAMB
1001	1	1	INT_BUS
1001	2	2	EXT_BUS
1002	0	0	ACT_BUS
1002	1	1	NOM_BUS
1002	2	2	RED_BUS
1003	1	1	PCDU_A
1003	10	10	IMU_2
1003	11	11	IMU_3
1003	12	12	IMU_4
1003	13	13	RWU_1
1003	14	14	RWU_2
1003	15	15	RWU_3
1003	16	16	RWU_4
1003	17	31	RESERV3
1003	2	2	PCDU_B
1003	3	3	ACDM_N
1003	4	4	ACDM_R
1003	5	5	GPS_A
1003	6	6	GPS_B
1003	7	7	RESERV1
1003	8	8	RESERV2
1003	9	9	IMU_1
1004	0	0	RECEIVE
1004	1	1	TRANSMIT
101	0	0	RF_PRESENT
101	1	1	NO_RF_FLAG
102	0	0	LOCK_PRESENT
102	1	1	NO_BIT_LOCK
105	0	0	VC_0_DEC_1
105	1	1	VC_63_DEC_2
106	0	0	RF_LOCK
106	1	1	NO_RF_LOCK
107	0	0	BIT_LOCK
107	1	1	NO_BIT_LOCK
108	0	0	NO_LOCKOUT
108	1	1	LOCKOUT
109	0	0	NO_WAIT
109	1	1	WAIT
110	0	0	NO_RETRANS
110	1	1	RETRANS
1100	0	0	VALUE_1
1100	1	1	VALUE_2
1101	0	0	DISABLED
1101	1	1	ENABLED
1102	0	0	PM_A_ACT
1102	1	1	PM_B_ACT
1103	0	0	NOT_OK
1103	1	1	OK
1104	0	0	NOMINAL
1104	1	1	FAST
1105	0	0	OFF
1105	1	1	ON
1106	0	0	DISCRDED
1106	1	1	ENABLED
1107	0	0	MAP_0
1107	1	1	MAP_1
1107	4	4	MAP_4
1107	5	5	MAP_5
1107	6	6	MAP_6
1108	0	0	EVEN
1108	1	1	ODD
1109	0	0	IMAGE_1
1109	1	1	IMAGE_2
1110	0	0	NOTCA
1110	1	1	TCA
1111	0	0	TCINA
1111	1	3	NOT_USE2
1111	4	4	TCINAUX
1111	5	5	NOT_USE1
1112	0	0	NOERR_0
1112	1	1	NOERR_1
1112	2	2	NOERR_2
1112	3	3	NOERR_3
1112	4	4	NOERR_4
1112	5	5	NOERR_5
1112	6	6	NOERR_6
1112	7	7	NOERR_7
1113	0	0	NO_DATA
1113	1	1	DATA
112	0	2	INVALID
112	3	3	STAND_ALONE
1130	0	0	NO_INTER
1130	1	1	INTER
118	0	0	ENABLED
118	1	1	DISABLED
119	0	0	VERSION_1
119	1	3	INVALID
1205	0	0	ON
1205	1	1	OFF
121	0	0	VC0_HK
121	1	1	INVALID
121	2	2	VC2_SYSTEM_LOG
121	3	3	VC3_HPTM
121	4	6	INVALID
121	7	7	VC7_IDLE_FRAME
123	0	0	ABSENT
123	1	1	PRESENT
124	0	0	SYNCHRONOUS
124	1	1	ASYNCHRONOUS
125	0	0	SYNC_FORWARD
125	1	1	INVALID
125	2	2	ASYNCHRONOUS
125	3	3	UNKNOWN
127	0	0	256_OCTETS
127	1	1	512_OCTETS
127	2	2	1024_OCTETS
127	3	3	65535_OCTETS
128	0	0	CLCW 
128	1	1	UNKNOWN
129	0	0	VALID
129	1	3	INVALID
134	0	0	INVALID
134	1	1	COP_1
135	0	0	VALID
135	1	7	INVALID
139	0	0	ZERO
139	1	1	ONE
141	0	0	ZERO
141	1	1	ONE
141	2	2	TWO
141	3	3	THREE
143	0	0	0
143	1	1	1
149	0	0	NONE
149	1	1	1
149	10	10	2_4
149	11	11	1_2_4
149	12	12	3_4
149	13	13	1_3_4
149	14	14	2_3_4
149	15	15	1_2_3_4
149	2	2	2
149	3	3	1_2
149	4	4	3
149	5	5	1_3
149	6	6	2_3
149	7	7	1_2_3
149	8	8	4
149	9	9	1_4
1500	0	0	DISABLE
1500	1	1	ENABLE
1501	0	0	OPEN
1501	1	1	CLOSE
1502	0	0	DESELECT
1502	1	1	SELECTED
1503	0	0	DISARMED
1503	1	1	ARMED
1504	0	0	PM_A
1504	1	1	PM_B
1506	0	0	FAST
1506	1	1	NOMINAL
1508	0	0	DISCARD
1508	1	1	RECEIVE
1509	0	0	RESET
1509	1	1	CLEANLEG
1509	2	2	CLEANILE
1509	3	3	DIRTY
1510	0	0	NOTABORT
1510	1	1	ABORTED
1511	0	0	NOERROR
1511	1	1	ERROR
1512	0	0	PARTUPD
1512	1	1	ALLUPD
1513	0	0	NON_BUSY
1513	1	1	BUSY
1514	0	0	OK
1514	1	1	FAIL
1515	0	0	RM_ON
1515	1	1	RM_OFF
1515	2	2	TC_ONLY
1515	3	3	ILLEGAL
1516	0	0	STOWED
1516	1	1	DEPLOYED
1517	0	0	SHUNTED
1517	1	1	ACTIVE
1518	0	0	NOTIMOUT
1518	1	1	TIMEOUT
1519	0	0	NOREP
1519	1	1	AUTHTC
1519	2	2	EXCTR
1519	3	3	AUTHDUMY
1519	4	4	ERR_SIGN
1519	5	5	ERR_LAC
1519	6	6	NONEXCTR
1519	7	7	ERR_LENG
1520	0	0	AD_FRAME
1520	1	1	NO_FRAME
1520	2	2	BD_FRAME
1520	3	3	BC_FRAME
1521	0	0	NO_ERR
1521	1	1	ERR_VERS
1521	2	2	ERR_AC
1521	3	3	ERR_SCID
1521	4	4	ERR_VC1
1521	5	5	ERR_VC2
1521	6	6	ERR_NS
1521	7	7	ERR_FORM
1522	0	0	ABN_CLTU
1522	1	1	FR_DIRTY
1522	2	2	FR_ILL1
1522	3	3	FR_ILL2
1522	4	4	FR_LOCK
1522	5	5	FR_WAIT
1522	6	6	FR_NS_VR
1522	7	7	FR_ACCEP
1523	0	0	NEW_DATA
1523	1	1	OLD_DATA
1524	0	0	NO_ALARM
1524	1	1	ALARM
1525	0	0	SUCCESS
1525	1	1	FAILURE
1526	0	0	COLD
1526	1	1	WARM
1527	0	0	RMHENOFF
1527	1	1	RMHENSET
1528	0	0	LCTENAB
1528	1	1	LCTDISAB
1529	0	0	RMHENAB
1529	1	1	RMHDISAB
153	0	0	0%
153	1	20	INVALID_1_20
153	21	21	-1%
153	22	41	INVALID_22_41
153	42	42	-2%
153	43	62	INVALID_43_62
153	63	63	-3%
1530	0	0	INACTIVE
1530	1	1	ACTIVE
1531	0	0	NORM_OP
1531	1	1	TIMEOUT
1532	0	0	INVALID1
1532	1	1	OPEN
1532	2	2	CLOSE
1532	3	3	INVALID2
1533	0	0	NORM_OP
1533	1	1	OPENTOUT
1533	2	2	CLOSTOUT
1533	3	3	INVALID1
1533	4	4	OPCLTOUT
1533	5	7	INVALID2
1534	0	0	INACTIVE
1534	1	1	ACT1
1534	10	10	ACT37
1534	11	11	ACT137
1534	12	12	ACT57
1534	13	13	ACT157
1534	14	14	ACT357
1534	15	15	ACT1357
1534	16	16	ACT9
1534	17	17	ACT19
1534	18	18	ACT39
1534	19	19	ACT139
1534	2	2	ACT3
1534	20	20	ACT59
1534	21	21	ACT159
1534	22	22	ACT359
1534	23	23	ACT1359
1534	24	24	ACT79
1534	25	25	ACT179
1534	26	26	ACT379
1534	27	27	ACT1379
1534	28	28	ACT579
1534	29	29	ACT1579
1534	3	3	ACT13
1534	30	30	ACT3579
1534	31	31	ACT13579
1534	4	4	ACT5
1534	5	5	ACT15
1534	6	6	ACT35
1534	7	7	ACT135
1534	8	8	ACT7
1534	9	9	ACT17
1535	0	0	INACTIVE
1535	1	1	ACT2
1535	10	10	ACT48
1535	11	11	ACT248
1535	12	12	ACT68
1535	13	13	ACT268
1535	14	14	ACT468
1535	15	15	ACT2468
1535	16	16	ACT10
1535	17	17	ACT210
1535	18	18	ACT410
1535	19	19	ACT2410
1535	2	2	ACT4
1535	20	20	ACT610
1535	21	21	ACT2610
1535	22	22	ACT4610
1535	23	23	ACT24610
1535	24	24	ACT810
1535	25	25	ACT2810
1535	26	26	ACT4810
1535	27	27	ACT24810
1535	28	28	ACT6810
1535	29	29	ACT26810
1535	3	3	ACT24
1535	30	30	ACT46810
1535	31	31	AC246810
1535	4	4	ACT6
1535	5	5	ACT26
1535	6	6	ACT46
1535	7	7	ACT246
1535	8	8	ACT8
1535	9	9	ACT28
1540	0	0	PLUG_INS
1540	1	1	PLUG_MIS
1550	0	0	COH
1550	1	1	NON_COH
1551	0	0	TX_ON
1551	1	1	TX_OFF
1552	0	0	RG_ON
1552	1	1	RG_OFF
1553	0	0	XBCS_A_P
1553	1	1	XBCS_B_P
1554	0	0	XBCS_B_P
1554	1	1	XBCS_A_P
1560	0	0	NOTROTAT
1560	1	1	ROTATED
1561	0	0	NOT_SEP
1561	1	1	SEP
159	78	78	NOMINAL
159	83	83	SAFE
1601	0	0	CLOSE
1601	1	1	OPEN
1602	0	0	THIS_ACT
1602	1	1	OTH_ACT
1603	0	0	ALL_CLOS
1603	1	1	ANY_OPEN
1604	0	0	BELOW
1604	1	1	WITHIN
1605	0	0	ANY_CLOS
1605	1	1	ALL_OPEN
1610	0	0	HWT_ACT
1610	1	1	HWT_INAC
1611	0	0	ENABLED
1611	1	1	DISABLED
1612	0	0	PM_ENABL
1612	1	1	PM_DISAB
1613	0	0	TTR_A
1613	1	1	TTR_B
1614	0	1	TOGGLEWD
1615	0	0	DEASSERT
1615	1	1	ASSERT
1616	0	0	USEREDIF
1616	1	1	USENOMIF
3001	0	0	IHT61001
3001	1	1	IHT61002
3001	10	10	IHT61011
3001	1000	1000	IHT63094
3001	1001	1001	IHT63095
3001	1004	1004	IHT63098
3001	1005	1005	IHT63099
3001	1006	1006	IHT63100
3001	1007	1007	IHT63101
3001	1008	1008	IHT63102
3001	1009	1009	IHT63103
3001	1010	1010	IHT63104
3001	1011	1011	IHT63105
3001	1012	1012	IHT63106
3001	1013	1013	IHT63107
3001	1015	1015	IHT63109
3001	1016	1016	IHT63110
3001	1017	1017	IHT63111
3001	1018	1018	IHT63112
3001	1019	1019	IHT63113
3001	1020	1020	IHT63114
3001	1021	1021	IHT63115
3001	1022	1022	IHT63116
3001	1023	1023	IHT63117
3001	1024	1024	IHT63118
3001	1025	1025	IHT63119
3001	1027	1027	IHT63121
3001	1028	1028	IHT63122
3001	1029	1029	IHT63123
3001	1030	1030	IHT63124
3001	1031	1031	IHT63125
3001	1032	1032	IHT63126
3001	1033	1033	IHT63127
3001	1034	1034	IHT63128
3001	1035	1035	IHT63129
3001	1036	1036	IHT63130
3001	1037	1037	IHT63131
3001	1038	1038	IHT63132
3001	1039	1039	IHT63133
3001	1040	1040	IHT63134
3001	1041	1041	IHT63135
3001	1042	1042	IHT63136
3001	1043	1043	IHT63137
3001	1044	1044	IHT63138
3001	1045	1045	IHT63139
3001	1046	1046	IHT63140
3001	1048	1048	IHT63142
3001	1049	1049	IHT63143
3001	1050	1050	IHT63144
3001	1056	1056	IHT63150
3001	1057	1057	IHT63151
3001	1061	1061	IHT63301
3001	1062	1062	IHT63302
3001	1063	1063	IHT63303
3001	1065	1065	IHT63306
3001	1066	1066	IHT63307
3001	1067	1067	IHT63308
3001	1068	1068	IHT63309
3001	1069	1069	IHT63310
3001	107	107	IHT61548
3001	1070	1070	IHT63311
3001	1071	1071	IHT63312
3001	1074	1074	IHT63315
3001	1075	1075	IHT63316
3001	1076	1076	IHT63317
3001	1077	1077	IHT63318
3001	1078	1078	IHT63319
3001	1079	1079	IHT63320
3001	1085	1085	IHT63326
3001	1087	1087	IHT63245
3001	1113	1113	IHT63214
3001	1186	1186	IHT63734
3001	1187	1187	IHT63735
3001	1188	1188	IHT63736
3001	1189	1189	IHT63737
3001	119	119	IHT61558
3001	1190	1190	IHT63738
3001	1191	1191	IHT63739
3001	1192	1192	IHT63740
3001	1193	1193	IHT63741
3001	1194	1194	IHT63742
3001	1195	1195	IHT63743
3001	1279	1279	IHT62036
3001	1280	1280	IHT62037
3001	1281	1281	IHT62038
3001	1282	1282	IHT62039
3001	1283	1283	IHT62040
3001	1284	1284	IHT62041
3001	1285	1285	IHT62042
3001	1286	1286	IHT62043
3001	1287	1287	IHT62044
3001	1288	1288	IHT62045
3001	1289	1289	IHT62046
3001	1290	1290	IHT62047
3001	1292	1292	IHT62049
3001	1294	1294	IHT62051
3001	1295	1295	IHT62052
3001	1296	1296	IHT62053
3001	1297	1297	IHT62054
3001	1298	1298	IHT62055
3001	1299	1299	IHT62056
3001	1300	1300	IHT62057
3001	1302	1302	IHT62059
3001	1303	1303	IHT62060
3001	1304	1304	IHT62061
3001	1305	1305	IHT62062
3001	1306	1306	IHT62063
3001	1307	1307	IHT62064
3001	1308	1308	IHT62065
3001	131	131	IHT61568
3001	1315	1315	IHT62072
3001	1322	1322	IHT62156
3001	1325	1325	IHT62159
3001	1326	1326	IHT62160
3001	1330	1330	IHT62181
3001	1331	1331	IHT62182
3001	1332	1332	IHT62183
3001	1333	1333	IHT62184
3001	1334	1334	IHT62185
3001	1335	1335	IHT62186
3001	1336	1336	IHT62189
3001	1337	1337	IHT62190
3001	1340	1340	IHT62195
3001	1343	1343	IHT62105
3001	1345	1345	IHT62107
3001	1375	1375	IHT63157
3001	1376	1376	IHT63158
3001	1377	1377	IHT63159
3001	143	143	IHT61578
3001	155	155	IHT61588
3001	167	167	IHT61598
3001	179	179	IHT61608
3001	191	191	IHT61618
3001	2	2	IHT61003
3001	203	203	IHT61628
3001	215	215	IHT61638
3001	227	227	IHT61648
3001	239	239	IHT61658
3001	251	251	IHT61668
3001	263	263	IHT61678
3001	275	275	IHT61688
3001	287	287	IHT61698
3001	299	299	IHT61708
3001	3	3	IHT61004
3001	311	311	IHT61718
3001	323	323	IHT61728
3001	335	335	IHT61738
3001	34	34	IHT61035
3001	347	347	IHT61748
3001	35	35	IHT61036
3001	359	359	IHT61758
3001	371	371	IHT61768
3001	383	383	IHT61778
3001	395	395	IHT61788
3001	4	4	IHT61005
3001	407	407	IHT61798
3001	419	419	IHT61808
3001	431	431	IHT61818
3001	443	443	IHT61828
3001	456	456	IHT61080
3001	458	458	IHT61070
3001	459	459	IHT61082
3001	460	460	IHT61083
3001	462	462	IHT61081
3001	463	463	IHT61075
3001	464	464	IHT61076
3001	465	465	IHT61085
3001	47	47	IHT61048
3001	470	470	IHT61153
3001	471	471	IHT61154
3001	472	472	IHT61155
3001	473	473	IHT61156
3001	474	474	IHT61157
3001	476	476	IHT61301
3001	477	477	IHT61302
3001	478	478	IHT61303
3001	479	479	IHT61304
3001	48	48	IHT61049
3001	480	480	IHT61305
3001	481	481	IHT61306
3001	482	482	IHT61307
3001	483	483	IHT61308
3001	484	484	IHT61309
3001	485	485	IHT61310
3001	486	486	IHT61311
3001	487	487	IHT61312
3001	488	488	IHT61313
3001	489	489	IHT61314
3001	49	49	IHT61050
3001	490	490	IHT61315
3001	491	491	IHT61316
3001	492	492	IHT61317
3001	493	493	IHT61318
3001	494	494	IHT61319
3001	495	495	IHT61320
3001	496	496	IHT61321
3001	497	497	IHT61322
3001	499	499	IHT61324
3001	5	5	IHT61006
3001	50	50	IHT61051
3001	501	501	IHT61326
3001	503	503	IHT61328
3001	505	505	IHT61330
3001	506	506	IHT61331
3001	51	51	IHT61052
3001	52	52	IHT61053
3001	53	53	IHT61054
3001	534	534	IHT61413
3001	54	54	IHT61055
3001	540	540	IHT61414
3001	55	55	IHT61056
3001	56	56	IHT61057
3001	57	57	IHT61058
3001	573	573	IHT61455
3001	574	574	IHT61471
3001	575	575	IHT61456
3001	576	576	IHT61472
3001	578	578	IHT61473
3001	58	58	IHT61059
3001	580	580	IHT61474
3001	589	589	IHT61463
3001	59	59	IHT61060
3001	591	591	IHT61464
3001	6	6	IHT61007
3001	607	607	IHT61485
3001	609	609	IHT61487
3001	611	611	IHT61493
3001	62	62	IHT61065
3001	63	63	IHT61066
3001	7	7	IHT61008
3001	71	71	IHT61518
3001	739	739	IHT61901
3001	743	743	IHT61911
3001	744	744	IHT61915
3001	757	757	IHT61201
3001	758	758	IHT61202
3001	759	759	IHT61203
3001	760	760	IHT61204
3001	761	761	IHT61205
3001	762	762	IHT61206
3001	763	763	IHT61207
3001	764	764	IHT61208
3001	765	765	IHT61209
3001	766	766	IHT61210
3001	767	767	IHT61211
3001	768	768	IHT61231
3001	769	769	IHT61232
3001	770	770	IHT61233
3001	771	771	IHT61234
3001	772	772	IHT61235
3001	773	773	IHT61236
3001	775	775	IHT61221
3001	776	776	IHT61222
3001	777	777	IHT61223
3001	778	778	IHT61224
3001	781	781	IHT61227
3001	8	8	IHT61009
3001	804	804	IHT61271
3001	805	805	IHT61272
3001	806	806	IHT61273
3001	807	807	IHT61274
3001	808	808	IHT61275
3001	809	809	IHT61276
3001	810	810	IHT61277
3001	811	811	IHT61278
3001	812	812	IHT61279
3001	813	813	IHT61280
3001	814	814	IHT61281
3001	815	815	IHT61282
3001	816	816	IHT61283
3001	817	817	IHT61284
3001	818	818	IHT61285
3001	819	819	IHT61286
3001	820	820	IHT61287
3001	821	821	IHT61288
3001	822	822	IHT61289
3001	823	823	IHT61290
3001	824	824	IHT61291
3001	83	83	IHT61528
3001	854	854	IHT63001
3001	856	856	IHT63162
3001	859	859	IHT63165
3001	868	868	IHT63174
3001	869	869	IHT63175
3001	872	872	IHT63177
3001	876	876	IHT63181
3001	878	878	IHT63183
3001	886	886	IHT63191
3001	888	888	IHT63260
3001	889	889	IHT63261
3001	891	891	IHT63193
3001	892	892	IHT63194
3001	893	893	IHT63195
3001	894	894	IHT63196
3001	895	895	IHT63197
3001	896	896	IHT63198
3001	897	897	IHT63199
3001	9	9	IHT61010
3001	923	923	IHT63031
3001	95	95	IHT61538
3001	955	955	IHT63049
3001	956	956	IHT63050
3001	957	957	IHT63051
3001	958	958	IHT63052
3001	959	959	IHT63053
3001	960	960	IHT63054
3001	961	961	IHT63055
3001	962	962	IHT63056
3001	963	963	IHT63057
3001	964	964	IHT63058
3001	965	965	IHT63059
3001	966	966	IHT63060
3001	967	967	IHT63061
3001	968	968	IHT63062
3001	969	969	IHT63063
3001	970	970	IHT63064
3001	971	971	IHT63065
3001	972	972	IHT63066
3001	982	982	IHT63076
3001	983	983	IHT63077
3001	984	984	IHT63078
3001	985	985	IHT63079
3001	987	987	IHT63081
3001	988	988	IHT63082
3001	989	989	IHT63083
3001	990	990	IHT63084
3001	991	991	IHT63085
3001	992	992	IHT63086
3001	993	993	IHT63087
3001	994	994	IHT63088
3001	995	995	IHT63089
3001	996	996	IHT63090
3001	997	997	IHT63091
3001	998	998	IHT63092
3001	999	999	IHT63093
3002	0	0	DISABLED
3002	1	1	ENABLED
3003	0	0	FAILED
3003	1	1	PASSED
3004	0	0	OFF
3004	1	1	ON
3005	0	0	NO_ACTIV
3005	1	1	ACTIV
3006	0	0	DISABLED
3006	1	1	ENABLED
3007	0	0	FCP102
3007	1	1	FCP103
3007	10	10	FCP114
3007	11	11	FCP120
3007	12	12	FCP130
3007	128	128	CRP101
3007	129	129	CRP102
3007	13	13	FCP131
3007	130	130	CRP103
3007	131	131	CRP104
3007	132	132	CRP107
3007	133	133	CRP199
3007	14	14	FCP190
3007	15	15	FCP191
3007	16	16	FCP201
3007	17	17	FCP202
3007	18	18	FCP221
3007	19	19	FCP251
3007	2	2	FCP104
3007	20	20	FCP261
3007	21	21	FCP262
3007	22	22	FCP271
3007	23	23	FCP273
3007	24	24	FCP274
3007	25	25	FCP275
3007	26	26	FCP281
3007	27	27	FCP291
3007	28	28	FCP292
3007	29	29	FCP300
3007	3	3	FCP105
3007	30	30	FCP301
3007	31	31	FCP305
3007	32	32	FCP310
3007	33	33	FCP311
3007	34	34	FCP315
3007	35	35	FCP320
3007	36	36	FCP321
3007	37	37	FCP325
3007	38	38	FCP330
3007	39	39	FCP331
3007	4	4	FCP106
3007	40	40	FCP335
3007	41	41	FCP336
3007	42	42	FCP340
3007	43	43	FCP345
3007	44	44	FCP350
3007	45	45	FCP351
3007	46	46	FCP352
3007	47	47	FCP355
3007	48	48	FCP356
3007	5	5	FCP107
3007	6	6	FCP108
3007	7	7	FCP109
3007	8	8	FCP110
3007	9	9	FCP112
3008	0	0	NO
3008	1	1	YES
3011	0	0	RESET
3011	1	1	CONFIG
3011	10	10	CF_1
3011	11	11	CF_2
3011	12	15	UNDEF
3011	2	2	INIT
3011	3	3	STANDBY
3011	4	4	HWU
3011	5	5	BE
3011	6	6	LBWU
3011	7	7	GROUND
3011	8	8	MEAS
3011	9	9	CS
3012	0	0	DISABLED
3012	1	1	ENABLED
3013	0	0	NOT_REQ
3013	1	1	REQ
3014	0	0	FAILED
3014	1	1	SUCCESS
3015	0	0	FAILED
3015	1	1	SUCCESS
3016	0	0	NOM
3016	1	1	RED
3017	0	0	DISABLED
3017	1	1	ENABLED
3018	0	0	NO_PROGR
3018	1	1	IN_PROGR
3019	0	0	DISABLED
3019	1	1	ENABLED
3020	0	0	NODETECT
3020	1	1	DETECT
3021	0	0	DISABLED
3021	1	1	ENABLED
3022	0	0	NO_TRANS
3022	1	1	TRANS
3023	0	0	NO_COUNT
3023	1	1	COUNT
3024	0	0	DISABLED
3024	1	1	ENABLED
3025	0	0	NO_PRESE
3025	1	1	PRESEL
3027	0	0	ENABLED
3027	1	1	DISABLED
3037	0	0	C0
3037	1	1	C1
3037	2	2	C2
3037	3	3	C3
3037	4	4	C4
3037	5	5	C5
3037	6	6	C6
3037	7	7	C7
3041	0	0	C0
3041	1	1	C1_36533
3041	2	2	C2_73066
3041	3	3	C4_096
3043	0	0	C0
3043	1	1	C1_36533
3046	0	0	C0
3046	1	1	C1_36533
3046	2	2	C2_73066
3046	3	3	C4_096
3046	4	4	C5_46133
3046	5	5	C6_82666
3046	6	6	C8_192
3046	7	7	C9_55733
3204	0	0	C250
3204	1	1	C500
3204	2	2	C750
3204	3	3	C1000
3204	4	4	C1250
3204	5	5	C1500
3204	6	6	C1750
3204	7	7	C2000
3992	0	0	C0
3992	1	1	C1
3992	2	2	C2
3992	3	3	C3
3993	0	0	C0
3993	1	1	C1
3993	2	2	C2
3993	3	3	C3
3993	4	4	C4
3993	5	5	C5
3993	6	6	C6
3993	7	7	C7
3994	0	0	C0
3994	1	1	C1
3994	10	10	C10
3994	11	11	C11
3994	12	12	C12
3994	13	13	C13
3994	14	14	C14
3994	15	15	C15
3994	2	2	C2
3994	3	3	C3
3994	4	4	C4
3994	5	5	C5
3994	6	6	C6
3994	7	7	C7
3994	8	8	C8
3994	9	9	C9
3995	0	0	C0
3995	1	1	C1
3995	10	10	C10
3995	11	11	C11
3995	12	12	C12
3995	13	13	C13
3995	14	14	C14
3995	15	15	C15
3995	16	16	C16
3995	17	17	C17
3995	18	18	C18
3995	19	19	C19
3995	2	2	C2
3995	20	20	C20
3995	21	21	C21
3995	22	22	C22
3995	23	23	C23
3995	24	24	C24
3995	25	25	C25
3995	26	26	C26
3995	27	27	C27
3995	28	28	C28
3995	29	29	C29
3995	3	3	C3
3995	30	30	C30
3995	31	31	C31
3995	4	4	C4
3995	5	5	C5
3995	6	6	C6
3995	7	7	C7
3995	8	8	C8
3995	9	9	C9
3996	0	0	C0
3996	1	1	C1
3996	10	10	C10
3996	11	11	C11
3996	12	12	C12
3996	13	13	C13
3996	14	14	C14
3996	15	15	C15
3996	16	16	C16
3996	17	17	C17
3996	18	18	C18
3996	19	19	C19
3996	2	2	C2
3996	20	20	C20
3996	21	21	C21
3996	22	22	C22
3996	23	23	C23
3996	24	24	C24
3996	25	25	C25
3996	26	26	C26
3996	27	27	C27
3996	28	28	C28
3996	29	29	C29
3996	3	3	C3
3996	30	30	C30
3996	31	31	C31
3996	32	32	C32
3996	33	33	C33
3996	34	34	C34
3996	35	35	C35
3996	36	36	C36
3996	37	37	C37
3996	38	38	C38
3996	39	39	C39
3996	4	4	C4
3996	40	40	C40
3996	41	41	C41
3996	42	42	C42
3996	43	43	C43
3996	44	44	C44
3996	45	45	C45
3996	46	46	C46
3996	47	47	C47
3996	48	48	C48
3996	49	49	C49
3996	5	5	C5
3996	50	50	C50
3996	51	51	C51
3996	52	52	C52
3996	53	53	C53
3996	54	54	C54
3996	55	55	C55
3996	56	56	C56
3996	57	57	C57
3996	58	58	C58
3996	59	59	C59
3996	6	6	C6
3996	60	60	C60
3996	61	61	C61
3996	62	62	C62
3996	63	63	C63
3996	7	7	C7
3996	8	8	C8
3996	9	9	C9
3997	0	0	C0
3997	1	1	C1
3997	10	10	C10
3997	100	100	C100
3997	101	101	C101
3997	102	102	C102
3997	103	103	C103
3997	104	104	C104
3997	105	105	C105
3997	106	106	C106
3997	107	107	C107
3997	108	108	C108
3997	109	109	C109
3997	11	11	C11
3997	110	110	C110
3997	111	111	C111
3997	112	112	C112
3997	113	113	C113
3997	114	114	C114
3997	115	115	C115
3997	116	116	C116
3997	117	117	C117
3997	118	118	C118
3997	119	119	C119
3997	12	12	C12
3997	120	120	C120
3997	121	121	C121
3997	122	122	C122
3997	123	123	C123
3997	124	124	C124
3997	125	125	C125
3997	126	126	C126
3997	127	127	C127
3997	13	13	C13
3997	14	14	C14
3997	15	15	C15
3997	16	16	C16
3997	17	17	C17
3997	18	18	C18
3997	19	19	C19
3997	2	2	C2
3997	20	20	C20
3997	21	21	C21
3997	22	22	C22
3997	23	23	C23
3997	24	24	C24
3997	25	25	C25
3997	26	26	C26
3997	27	27	C27
3997	28	28	C28
3997	29	29	C29
3997	3	3	C3
3997	30	30	C30
3997	31	31	C31
3997	32	32	C32
3997	33	33	C33
3997	34	34	C34
3997	35	35	C35
3997	36	36	C36
3997	37	37	C37
3997	38	38	C38
3997	39	39	C39
3997	4	4	C4
3997	40	40	C40
3997	41	41	C41
3997	42	42	C42
3997	43	43	C43
3997	44	44	C44
3997	45	45	C45
3997	46	46	C46
3997	47	47	C47
3997	48	48	C48
3997	49	49	C49
3997	5	5	C5
3997	50	50	C50
3997	51	51	C51
3997	52	52	C52
3997	53	53	C53
3997	54	54	C54
3997	55	55	C55
3997	56	56	C56
3997	57	57	C57
3997	58	58	C58
3997	59	59	C59
3997	6	6	C6
3997	60	60	C60
3997	61	61	C61
3997	62	62	C62
3997	63	63	C63
3997	64	64	C64
3997	65	65	C65
3997	66	66	C66
3997	67	67	C67
3997	68	68	C68
3997	69	69	C69
3997	7	7	C7
3997	70	70	C70
3997	71	71	C71
3997	72	72	C72
3997	73	73	C73
3997	74	74	C74
3997	75	75	C75
3997	76	76	C76
3997	77	77	C77
3997	78	78	C78
3997	79	79	C79
3997	8	8	C8
3997	80	80	C80
3997	81	81	C81
3997	82	82	C82
3997	83	83	C83
3997	84	84	C84
3997	85	85	C85
3997	86	86	C86
3997	87	87	C87
3997	88	88	C88
3997	89	89	C89
3997	9	9	C9
3997	90	90	C90
3997	91	91	C91
3997	92	92	C92
3997	93	93	C93
3997	94	94	C94
3997	95	95	C95
3997	96	96	C96
3997	97	97	C97
3997	98	98	C98
3997	99	99	C99
4020	0	0	HZ_8
4020	1	1	HZ_4
4020	2	2	HZ_2
4020	3	3	HZ_1
4020	4	4	HZ_0_5
4020	5	5	HZ_0_2
4020	6	6	HZ_0_1
4021	2	2	S_VC_2
4021	3	3	S_VC_0
4023	1	1	THR_1
4023	2	2	THR_2
4023	3	3	THR_3
4023	4	4	THR_4
4023	5	5	THR_5
4024	0	0	SBM
4024	1	1	IAM
4024	2	2	NM
4024	3	3	TCM
4026	0	0	EXT_A
4026	1	1	INT_A
4026	2	2	EXT_B
4026	3	3	INT_B
4027	0	0	SUCCESS
4027	1	1	NOTPERF
4027	2	2	LPBACKER
4027	3	3	NORESPNS
4027	4	4	RESPERR
4027	5	5	STATUSER
4027	6	6	MESSERR
4029	0	0	BOARDA
4029	1	1	BOARDB
4030	0	0	R_SUC
4030	1	1	TSK_EXT
4030	10	10	INVNUM
4030	11	11	NOTDEF
4030	12	12	RSINUSE
4030	13	13	UNSATFD
4030	14	14	INCSTATE
4030	15	15	ALRSUSP
4030	16	16	ILLONSLF
4030	17	17	ILLREMOB
4030	18	18	CALL_ISR
4030	19	19	INPRIOR
4030	2	2	NOTCONFG
4030	20	20	INVCLK
4030	21	21	INVNODE
4030	22	22	NOTCONF
4030	23	23	NOTOWNER
4030	24	24	NOTIMP
4030	25	25	INTERROR
4030	26	26	NOMEM
4030	27	27	IOERROR
4030	28	28	PROXYBLK
4030	3	3	INVNAME
4030	4	4	INVID
4030	5	5	TOOMANY
4030	6	6	TIMEOUT
4030	7	7	OBJDEL
4030	8	8	INVSIZE
4030	9	9	INVADDR
4031	0	0	INACTIVE
4031	1	1	ACTIVE
4032	0	0	AST_A
4032	1	1	AST_B
4032	10	10	IMU_CH3
4032	11	11	IMU_CH4
4032	12	12	MTQ_BR_A
4032	13	13	MTQ_BR_B
4032	14	14	RCS_BR_A
4032	15	15	RCS_BR_B
4032	16	16	RWU_WHL1
4032	17	17	RWU_WHL2
4032	18	18	RWU_WHL3
4032	19	19	RWU_WHL4
4032	2	2	GPS_A
4032	3	3	GPS_B
4032	4	4	MTM_A
4032	5	5	MTM_B
4032	6	6	CESS
4032	7	7	RMU
4032	8	8	IMU_CH1
4032	9	9	IMU_CH2
4034	1	1	IAM_DMPG
4034	2	2	IAM_ACQN
4034	3	3	IAM_SUN
4034	4	4	IAM_ERTH
4035	0	0	ACQ_INIT
4035	1	1	ACQ_ERTH
4035	2	2	ACQ_SUN
4036	0	0	ACQ_END
4036	1	1	CORRSLEW
4036	2	2	SLW2TGT
4036	3	3	SLW2ANTI
4037	1	1	ATTCNTL
4037	2	2	COMAN
4037	3	3	MANEXE
4038	0	0	REJECTED
4038	1	1	VECTADJ
4038	2	2	FULLROT
4039	0	0	COMPLETE
4039	1	1	RMPDECEL
4039	2	2	DECELCON
4039	3	3	COASTDCL
4039	4	4	ACCEL
4057	0	0	MMBOARDA
4057	1	1	MMBOARDB
4065	0	0	OAOCSUTL
4065	1	1	O_DH_IF
4065	10	10	O_IMU
4065	11	11	O_MTM
4065	12	12	O_RWU
4065	13	13	O_MTQ
4065	14	14	O_RCS
4065	2	2	OMODHDLR
4065	3	3	OSBMMODE
4065	4	4	OIAMMODE
4065	5	5	OTCMMODE
4065	6	6	O_NMMODE
4065	7	7	O_AST
4065	8	8	O_GPS
4065	9	9	O_CESS
4067	0	0	NO
4067	1	1	YES
4068	0	0	OFF
4068	1	1	ON
4069	0	0	INITSTBY
4069	1	1	INITINAC
4072	0	0	NA_CONFG
4072	1	1	PRESEL
4072	2	2	NOPRESEL
4073	0	0	NA_SCV
4073	1	1	ON_SCV
4073	2	2	OFF_SCV
4074	0	0	NA_HLTH
4074	1	1	HEALTHY
4074	2	2	NOHEALTH
4075	0	0	NA_OP
4075	1	1	IN_USE
4075	2	2	NOTINUSE
4076	0	0	IOS_A
4076	1	1	IOS_B
4076	10	10	MMABANK2
4076	11	11	MMBBANK1
4076	12	12	MMBBANK2
4076	13	13	SCV_TTRA
4076	14	14	SCV_TTRB
4076	15	15	TTR_SGMA
4076	16	16	TTR_SGMB
4076	17	17	S_TFG_A
4076	18	18	S_TFG_B
4076	19	19	SBT_A
4076	2	2	IOP_A
4076	20	20	SBT_B
4076	21	21	PCDU_IFA
4076	22	22	PCDU_IFB
4076	23	23	AST_DPUA
4076	24	24	AST_DPUB
4076	25	25	GPS_IF_A
4076	26	26	GPS_IF_B
4076	27	27	IMU_GEU1
4076	28	28	IMU_GEU2
4076	29	29	IMU_GEU3
4076	3	3	IOP_B
4076	30	30	IMU_GEU4
4076	31	31	RMU_UNIT
4076	32	32	SCV_MTMA
4076	33	33	SCV_MTMB
4076	34	34	MTQ_A
4076	35	35	MTQ_B
4076	36	36	WDE_1
4076	37	37	WDE_2
4076	38	38	WDE_3
4076	39	39	WDE_4
4076	4	4	IOG_A
4076	40	40	LV_A
4076	41	41	LV_B
4076	42	42	PTDX_A
4076	43	43	PTDX_B
4076	44	44	THR_A
4076	45	45	THR_B
4076	46	46	XBSSPA_A
4076	47	47	XBSSPA_B
4076	48	48	ACDM_N
4076	49	49	ACDM_R
4076	5	5	IOG_B
4076	50	50	DEU_N
4076	51	51	DEU_R
4076	52	52	TLE_N
4076	53	53	TLE_R
4076	54	54	ISRVHTRA
4076	55	55	ISRVHTRB
4076	56	56	PSRVHT7A
4076	57	57	PSRVHT8A
4076	58	58	PSRVHT7B
4076	59	59	PSRVHT8B
4076	6	6	IOG_C
4076	7	7	SCV_MM_A
4076	8	8	SCV_MM_B
4076	9	9	MMABANK1
4077	1	1	BOTHSTWD
4077	2	2	DEPLSTOW
4077	3	3	STOWDEPL
4077	4	4	BOTHDEPL
4077	5	5	STW_PDEP
4077	6	6	DEP_PDEP
4077	7	7	PDEP_STW
4077	8	8	PDEP_DEP
4096	0	0	NMMANEND
4096	1	1	NM_DECEL
4096	2	2	NM_COAST
4096	3	3	NM_ACCEL
4099	1	1	MEASURE
4099	2	2	CALIBRAT
4101	0	0	BANKDSBL
4101	1	1	BANKPOS1
4101	2	2	BANKPOS2
4143	0	0	COIL_1
4143	1	1	COIL_2
4143	2	2	COIL_3
4153	0	0	ATTMDISB
4153	1	1	ATTMPERD
4153	2	2	ATTMSXTY
4154	0	0	ATSTTMOF
4154	1	1	ATSTTMBS
4154	2	2	ATSTTMEX
4163	1	1	MESRMENT
4163	2	2	CALIBRTN
4163	3	3	SLEW
4168	1	1	NO_STEER
4168	2	2	FIXEDATT
4168	3	3	VELOFSET
4169	1	1	PROM_A
4169	10	10	PM_SRAMA
4169	11	11	PMEPRM1A
4169	12	12	PMEPRM2A
4169	13	13	OBCP_A
4169	2	2	RM_EPRMA
4169	21	21	PROM_B
4169	22	22	RM_EPRMB
4169	23	23	SGMEPRMB
4169	25	25	SGM1RAMB
4169	26	26	SGM2RAMB
4169	27	27	SYSREGB
4169	28	28	BOOTPRMB
4169	29	29	COMMRAMB
4169	3	3	SGMEPRMA
4169	30	30	PM_SRAMB
4169	31	31	PMEPRM1B
4169	32	32	PMEPRM2B
4169	33	33	OBCP_B
4169	41	41	ASTAPROG
4169	42	42	ASTADATA
4169	43	43	ASTADSP
4169	46	46	ASTBPROG
4169	47	47	ASTBDATA
4169	48	48	ASTBDSP
4169	5	5	SGM1RAMA
4169	6	6	SGM2RAMA
4169	7	7	SYSREGA
4169	71	71	MMU_RAMA
4169	76	76	MMTEPRMA
4169	8	8	BOOTPRMA
4169	81	81	MMU_RAMB
4169	86	86	MMTEPRMB
4169	9	9	COMMRAMA
4170	0	0	NASCV
4170	1	1	ON_VAL
4170	2	2	OFF_VAL
4171	0	0	NAOP
4171	1	1	OPINUSE
4171	2	2	OPNOTUSE
4188	0	0	NOM_BOOT
4188	1	1	FASTBOOT
4189	0	0	NO_TCA
4189	1	1	TCA
4190	0	0	IMAGE1
4190	1	1	IMAGE2
4191	0	0	COLDSTAR
4191	1	1	WARMSTAR
4192	0	0	NOT_FAIL
4192	1	1	FAILED
4193	0	0	TCDECODE
4193	1	1	RM
4193	2	2	PM_SW
4193	3	3	EXT_CPDU
4193	4	4	UNRECOGN
4194	0	0	ACT_TEMP
4194	1	1	WD_TEMP
4195	0	0	DISABLE
4195	1	1	ENABLE
4223	0	0	STM_DFHP
4223	1	1	ATM_FFHP
4223	2	2	ATM_DFHP
4224	0	0	IP_IMMED
4224	1	1	IP_POLL1
4224	2	2	IP_POLL4
4224	3	3	IP_POL16
4224	4	4	IP_POL64
4224	5	5	IP_PO256
4224	6	6	IP_P1024
4224	7	7	IP_NEVER
4225	0	0	PIF_NOM
4225	1	1	PIF_RED
4226	0	0	TTR_VC_A
4226	1	1	TTR_VC_B
4226	2	2	TTR_VC_C
4226	3	3	TTR_VC_D
4226	4	4	TTR_VC_E
4226	5	5	TTR_VC_F
4226	6	6	TTR_VC_G
4226	7	7	TTR_VC_H
4227	0	0	VABWIDTH
4227	1	1	VA_PRIOR
4228	0	0	FL_223
4228	1	1	FL_446
4228	2	2	FL_892
4228	3	3	FL_1115
4228	4	4	FL_239
4228	5	5	FL_478
4228	6	6	FL_956
4228	7	7	FL_1195
4229	0	0	CS_D0
4229	1	1	CS_D1
4229	2	2	CS_D0D1
4229	3	3	CS_D0123
4230	0	0	TS_1
4230	1	1	TS_2
4230	2	2	TS_4
4230	3	3	TS_8
4230	4	4	TS_16
4230	5	5	TS_32
4230	6	6	TS_64
4230	7	7	TS_128
4230	8	8	TS_256
4230	9	9	TS_INVAL
4231	0	0	TE_NONE
4231	1	1	TE_1_2
4231	2	2	TE_1_3
4231	3	3	TE_1_4
4231	4	4	TE_1_6
4232	0	0	CE_NONE
4232	1	1	CE_1_2S
4232	2	2	CE_1_2NS
4232	3	3	CE_2_3P
4232	4	4	CE_3_4P
4232	5	5	CE_5_6P
4232	6	6	CE_7_8P
4233	0	0	PS_DISAB
4233	1	1	PS16PAT
4233	2	2	PS32PAT
4234	0	0	PSDISABL
4234	1	1	PS1_RISE
4234	2	2	PS1_FALL
4235	0	0	SPL_DIS
4235	1	1	SPL_ENAB
4236	0	0	TM_NRZ_L
4236	1	1	TM_NRZ_M
4258	1	1	PM_ID_A
4258	2	2	PM_ID_B
4259	0	0	POWER_ON
4259	1	1	WRMRESET
4260	0	0	NULLMODE
4260	1	1	STDALONE
4260	2	2	SYNC_IN
4260	3	3	GPS_SYNC
4261	0	0	ADD_OBT
4261	1	1	SUB_OBT
4261	2	2	LOAD_OBT
4262	0	0	LCLOPEN
4262	1	1	LCLCLOSE
4263	0	0	TXON
4263	1	1	TXOFF
4264	0	0	COHERENT
4264	1	1	NO_COHER
4265	0	0	ON_0
4265	1	1	OFF_1
4266	0	0	XBCS_A_P
4266	1	1	XBCS_B_P
4267	0	0	FDIR_V0
4267	1	1	FDIR_V1
4267	10	10	FDIR_V10
4267	11	11	FDIR_V11
4267	12	12	FDIR_V12
4267	13	13	FDIR_V13
4267	14	14	FDIR_V14
4267	15	15	FDIR_V15
4267	16	16	FDIR_V16
4267	17	17	FDIR_V17
4267	18	18	FDIR_V18
4267	19	19	FDIR_V19
4267	2	2	FDIR_V2
4267	20	20	FDIR_V20
4267	21	21	FDIR_V21
4267	22	22	FDIR_V22
4267	23	23	FDIR_V23
4267	24	24	FDIR_V24
4267	25	25	FDIR_V25
4267	26	26	FDIR_V26
4267	27	27	FDIR_V27
4267	28	28	FDIR_V28
4267	29	29	FDIR_V29
4267	3	3	FDIR_V3
4267	30	30	FDIR_V30
4267	31	31	FDIR_V31
4267	4	4	FDIR_V4
4267	5	5	FDIR_V5
4267	6	6	FDIR_V6
4267	7	7	FDIR_V7
4267	8	8	FDIR_V8
4267	9	9	FDIR_V9
4268	0	0	FDIR_T0
4268	1	1	FDIR_T1
4268	2	2	FDIR_T2
4268	3	3	FDIR_T3
4269	0	0	FDIR_CH0
4269	1	1	FDIR_CH1
4269	2	2	FDIR_CH2
4269	3	3	FDIR_CH3
4269	4	4	FDIR_CH4
4269	5	5	FDIR_CH5
4269	6	6	FDIR_CH6
4269	7	7	FDIR_CH7
4350	0	0	IN_LIMIT
4350	1	1	UNCHECK
4350	2	2	INVALID
4350	3	3	UNSELECT
4350	4	4	BL_UNEXP
4350	5	5	ABVE_LIM
4375	0	0	BMDELETE
4375	1	1	STANDARD
4375	2	2	CIRCULAR
4375	3	3	OVRWRITE
4380	1	1	CHECKSUM
4380	10	10	STATE_ER
4380	11	11	CMD_NA
4380	12	12	DUMP_IMG
4380	13	13	UNKN_ID
4380	14	14	OO_RANGE
4380	15	15	HAM_DFB
4380	16	16	WINDOW
4380	2	2	UNKNOWN
4380	3	3	BAD_APSW
4380	32	32	BUF_FULL
4380	33	33	NOACK_RX
4380	34	34	MODE
4380	35	35	PARAM_ID
4380	4	4	DUMP_MEM
4380	5	5	LENGTH
4380	6	6	TIMEOUT
4380	7	7	LEN_ADDR
4380	8	8	MBUS_PAR
4380	9	9	RSET_PAR
4381	1	1	TTR_A
4381	2	2	TTR_B
4381	3	3	MMU_1
4381	4	4	MMU_2
4381	5	5	MMU_3
4381	6	6	MMU_4
4382	0	0	LOW
4382	1	1	HIGH
4383	0	0	SYNC1553
4383	1	1	IRQ1
4383	2	2	TTR_A
4383	3	3	TTR_B
4383	4	4	MM_A
4383	5	5	MM_B
4383	6	6	PMID
4383	7	7	IRQ2
4611	0	0	FALSE
4611	1	1	TRUE
4697	1	1	SM_DAMPG
4697	2	2	SM_ACQN
4697	3	3	SM_SUN
4697	4	4	SM_EARTH
4699	0	0	ACQ_INIT
4699	1	1	ACQ_ERTH
4699	2	2	ACQ_SUN
4700	0	0	ACQ_END
4700	1	1	CORRSLEW
4700	2	2	SLW2TGT
4700	3	3	SLW2ANTI
4701	0	0	NOM_A
4701	1	1	RED_B
4702	0	0	ATTINDEX
4702	1	1	AOCSMODE
4702	2	2	IAMSTATE
4703	0	0	NEGATIVE
4703	1	1	ABOVEMAX
5000	1004	1004	PID62
5000	1036	1036	PID64
5000	1292	1292	PID80
5000	1548	1548	PID96
5000	268	268	PID16
5000	524	524	PID32
5000	780	780	PID48
5000	972	972	PID60
5003	0	0	DISABLED
5003	1	1	ENABLED
5006	0	0	OBTINIT
5006	1	1	MSTR_TTR
5006	2	2	GPS_OBT
5006	3	3	OBT_GPST
5007	0	0	OBTPKT
5007	1025	1025	TCVER_TH
5007	1027	1027	REP_TH
5007	1031	1031	EVENT_TH
5007	1281	1281	TCVER_SS
5007	1283	1283	REP_SS
5007	1287	1287	EVENT_SS
5007	1289	1289	DUMP_SS
5007	1537	1537	TCVER_IC
5007	1539	1539	REP_IC
5007	1543	1543	EVENT_IC
5007	1545	1545	DUMP_IC
5007	1548	1548	ALADNPKT
5007	257	257	TCVER_DH
5007	259	259	REP_DH
5007	261	261	HK_DH
5007	263	263	EVENTDH
5007	513	513	TCVER_SC
5007	515	515	REP_SC
5007	519	519	EVENT_SC
5007	769	769	TCVER_AO
5007	771	771	REP_AO
5007	775	775	EVNTAOCS
5007	777	777	DUMPAOCS
5007	966	966	GPSINUSE
5007	998	998	GPSNINUS
5009	1	1	NOT_ACQ
5009	2	2	ACQ_FAIL
5009	3	3	NO_STORE
5009	4	4	INVGROUP
5009	5	5	INVPARAM
5009	6	6	INVTYPE
5009	7	7	INVENUM
5009	8	8	NO_SIDE
5010	10	10	HPC3
5010	11	11	DIRECT
5010	9	9	RCS
5011	10	10	AOCS_CMD
5011	11	11	DIRECT
5011	3	3	ACDM_L2A
5011	4	4	PCDU
5011	5	5	GPS_TM
5011	6	6	GPS_TC
5011	7	7	ACDM_L1
5011	8	8	ACDM_L2B
5011	9	9	ACDM_L3
5125	0	0	UNLOADED
5125	1	1	LOADED
5125	2	2	ENABLED
5125	3	3	DISABLED
5901	0	0	OFF
5901	1	1	ON
5902	0	0	NOM
5902	1	1	RED
5902	2	2	NO_CTRL
5903	1	1	THT00001
5903	10	10	THT00004
5903	100	100	THT00234
5903	101	101	THT00035
5903	102	102	THT00235
5903	103	103	THT00036
5903	104	104	THT00236
5903	105	105	THT00037
5903	106	106	THT00237
5903	107	107	THT00038
5903	108	108	THT00238
5903	109	109	THT00039
5903	11	11	THT00204
5903	110	110	THT00040
5903	111	111	THT00041
5903	112	112	THT00239
5903	113	113	THT00240
5903	114	114	THT00241
5903	115	115	THT00042
5903	116	116	THT00242
5903	117	117	THT00043
5903	118	118	THT00243
5903	119	119	THT00443
5903	12	12	THT00404
5903	120	120	THT00044
5903	121	121	THT00244
5903	122	122	THT00045
5903	123	123	THT00444
5903	124	124	THT00245
5903	125	125	THT00246
5903	126	126	THT00046
5903	127	127	THT00047
5903	128	128	THT00247
5903	129	129	THT00048
5903	13	13	THT00005
5903	130	130	THT00248
5903	131	131	THT00249
5903	132	132	THT00049
5903	133	133	THT00050
5903	134	134	THT00250
5903	135	135	THT00251
5903	136	136	THT00051
5903	137	137	THT00052
5903	138	138	THT00252
5903	139	139	THT00053
5903	14	14	THT00205
5903	140	140	THT00054
5903	141	141	THT00254
5903	15	15	THT00405
5903	16	16	THT00006
5903	17	17	THT00206
5903	18	18	THT00406
5903	19	19	THT00007
5903	2	2	THT00201
5903	20	20	THT00207
5903	21	21	THT00407
5903	22	22	THT00008
5903	23	23	THT00208
5903	24	24	THT00408
5903	25	25	THT00009
5903	26	26	THT00209
5903	27	27	THT00409
5903	28	28	THT00010
5903	29	29	THT00210
5903	3	3	THT00401
5903	30	30	THT00410
5903	31	31	THT00011
5903	32	32	THT00211
5903	33	33	THT00411
5903	34	34	THT00012
5903	35	35	THT00212
5903	36	36	THT00412
5903	37	37	THT00016
5903	38	38	THT00216
5903	39	39	THT00416
5903	4	4	THT00002
5903	40	40	THT00017
5903	41	41	THT00217
5903	42	42	THT00417
5903	43	43	THT00018
5903	44	44	THT00218
5903	45	45	THT00418
5903	46	46	THT00019
5903	47	47	THT00219
5903	48	48	THT00419
5903	49	49	THT00020
5903	5	5	THT00202
5903	50	50	THT00220
5903	51	51	THT00420
5903	52	52	THT00027
5903	53	53	THT00227
5903	54	54	THT00427
5903	55	55	THT00013
5903	56	56	THT00213
5903	57	57	THT00413
5903	58	58	THT00014
5903	59	59	THT00214
5903	6	6	THT00402
5903	60	60	THT00414
5903	61	61	THT00015
5903	62	62	THT00215
5903	63	63	THT00415
5903	64	64	THT00021
5903	65	65	THT00221
5903	66	66	THT00421
5903	67	67	THT00022
5903	68	68	THT00222
5903	69	69	THT00422
5903	7	7	THT00003
5903	70	70	THT00023
5903	71	71	THT00223
5903	72	72	THT00423
5903	73	73	THT00024
5903	74	74	THT00224
5903	75	75	THT00424
5903	76	76	THT00025
5903	77	77	THT00225
5903	78	78	THT00425
5903	79	79	THT00026
5903	8	8	THT00203
5903	80	80	THT00226
5903	81	81	THT00426
5903	82	82	THT00028
5903	83	83	THT00228
5903	84	84	THT00428
5903	85	85	THT00029
5903	86	86	THT00229
5903	87	87	THT00429
5903	88	88	THT00030
5903	89	89	THT00230
5903	9	9	THT00403
5903	90	90	THT00430
5903	91	91	THT00031
5903	92	92	THT00231
5903	93	93	THT00431
5903	94	94	THT00032
5903	95	95	THT00232
5903	96	96	THT00432
5903	97	97	THT00033
5903	98	98	THT00233
5903	99	99	THT00034
5904	0	0	MAJORITY
5904	1	1	THERM_1
5904	2	2	THERM_2
5904	3	3	THERM_3
5905	0	0	OFF
5905	1	1	ON
5905	2	2	NOT_ACQ
5906	0	0	NO_OPER
5906	1	1	RUN_ON
5906	2	2	RUN_OFF
5907	0	0	NA
5907	1	1	IN_USE
5907	2	2	N_IN_USE
5908	0	0	OFF
5908	1	1	ON
5909	0	0	NOT_RUN
5909	1	1	RUN
7000	1	1	CHECKSUM
7000	10	10	INTSTFAI
7000	11	11	NAINMODE
7000	12	12	DUMPIMAG
7000	13	13	UNKPARID
7000	14	14	VALOUTRA
7000	15	15	HAMMING
7000	16	16	INVALWIN
7000	2	2	UNKNOWN
7000	3	3	BADAPPSW
7000	4	4	DUMPMEM
7000	5	5	LENGMISM
7000	6	6	TIMEOUT
7000	7	7	INVLENAD
7000	8	8	INVMEMBU
7000	9	9	INVSORES
7008	0	0	RESERV2
7008	1	1	RESERV1
7009	0	0	NO_RESET
7009	1	1	RESET
7010	0	0	NO_DELTA
7010	1	1	DELTA
7011	0	0	FALSE
7011	1	1	TRUE
7012	0	0	NOMINAL
7012	1	1	OVERFLOW
7013	0	0	NOMINAL
7013	1	1	UNDRFLOW
7014	0	0	NO_ERROR
7014	1	1	ERROR
7015	0	0	NO_SAT
7015	1	1	SAT
7016	0	0	INVALID
7016	1	1	VALID
7017	0	0	OFF
7017	1	1	ON
7018	0	0	INVALID
7018	1	1	VALID
7019	0	0	OPENLOOP
7019	1	1	CLOSLOOP
7020	0	0	DISABLED
7020	1	1	ENABLED
7021	0	0	SYNCHRON
7021	1	1	CONTINUO
7022	0	0	EXTERNAL
7022	1	1	SER_1553
7023	0	0	FULL1553
7023	1	1	SIMPLE
7024	0	0	RX_TX
7024	1	1	AS_CS
7025	0	0	NO_ERROR
7025	1	1	ERROR
7026	0	0	NO_ERROR
7026	1	1	ERROR
7027	0	0	NO_ERROR
7027	1	1	ERROR
7028	0	0	M_VE_SPD
7028	1	1	P_VE_SPD
7029	0	0	NO_OST
7029	1	1	OST_SET
7030	0	0	OFF
7030	1	1	ON
7051	0	0	INVALID
7051	1	1	VALID
7052	0	0	AST_BOOT
7052	1	1	AST_INIT
7052	2	2	AST_STBY
7052	3	3	ASTINACQ
7052	4	4	ASTATUPD
7052	5	5	AST_TEST
7070	0	0	FALSE
7070	1	1	TRUE
7100	0	0	DISABLED
7100	1	1	RESERVE1
7100	2	2	RESERVE2
7100	3	3	ENABLEPD
7100	4	4	CONTMSEL
7100	5	5	SYNCMSEL
7100	6	6	FILTSEL
7100	7	7	OPTPSEL
7101	0	0	NO_OVWR0
7101	1	1	R1553422
7101	2	2	PULSE
7101	3	3	NO_OVWR1
7102	0	0	NO_OVWR0
7102	1	1	CONTMODE
7102	2	2	SYNCMODE
7102	3	3	NO_OVWR1
7210	0	0	NOP
7210	1	1	ISR
7210	128	128	WVM
7210	16	16	LCPA
7210	2	2	IAT
7210	256	256	OWVM
7210	32	32	LDTA
7210	4	4	DCC
7210	64	64	IRC
7210	8	8	IDC
7999	0	0	DUMMY1
7999	1	1	DUMMY2
8006	0	0	SET_1
8006	12	12	SET_2
8006	3	3	SET_3
8034	0	0	RESET
8034	1	1	CONFIG
8034	10	10	CF_1
8034	11	11	CF_2
8034	12	15	UNDEF
8034	2	2	INIT
8034	3	3	STANDBY
8034	4	4	HWU
8034	5	5	BE
8034	6	6	LBWU
8034	7	7	GROUND
8034	8	8	MEAS
8034	9	9	CS
8048	0	0	UNDEF
8048	1	1	CLOSLOOP
8048	2	2	OPENLOOP
8049	0	0	UNDEF
8049	1	1	WITHVOLT
8049	2	2	WITHPAR
8050	0	0	UNDEF
8050	1	1	ENABLE
8050	2	2	DISABLE
8051	0	0	UNDEF
8051	1	1	NOM_IF
8051	2	2	RED_IF
8051	4	4	NO_IF
8052	0	0	UNDEF
8052	1	1	SET
8052	2	2	RESET
8053	0	0	UNDEF
8053	1	1	ALWAYS
8053	2	2	BURST
8054	0	0	UNDEF
8054	1	1	HIGH
8054	2	2	LOW
8055	0	0	OFF
8055	1	1	ON
8056	0	0	OPEN
8056	1	1	CLOSED
8057	0	0	UNDEF
8057	1	1	ON
8057	2	2	OFF
8058	0	0	LED_1
8058	1	1	LED_2
8059	0	0	COHERENT
8059	1	1	INCOHER
8061	0	0	OK
8061	1	1	FAIL
8063	0	0	NONE
8063	1	1	CMD_REC
8064	0	0	NONE
8064	1	1	TIMEOUT
8071	0	0	PWM_CLOS
8071	1	1	PWM_OPEN
8072	0	0	YES
8072	1	1	NO
8073	0	0	ON
8073	1	1	OFF
8074	0	0	LCA_OPEN
8074	1	1	LCA_CLOS
8075	0	0	NOT_LOCK
8075	1	1	LOCKED
8079	0	1	OK_1
8079	2	3	FAIL_1
8079	4	5	OK_2
8079	6	65535	FAIL_2
8080	0	0	OK
8080	1	65535	FAILURE
8081	0	0	OK_1
8081	1	3	FAIL_1
8081	4	4	OK_2
8081	5	65535	FAIL_2
8201	0	0	STANDBY
8201	10	10	IMAGING
8201	15	15	LINEAR
8201	5	5	LIDAR
8201	7	7	LID_GRND
8205	0	0	DUR0_2_1
8205	1	1	DUR1_2_1
8205	2	2	DUR2_2_1
8205	3	3	DUR3_2_1
8205	4	4	DUR_625
8205	5	5	DUR_1250
8205	6	6	DUR_2500
8205	7	7	DUR_3750
8207	0	0	I_8_3
8207	1	1	I_166_6
8207	2	2	I_833_3
8207	3	3	I_8333_3
8215	0	0	NORM_OP
8215	1	1	T_ONLYDA
8215	2	2	T_SEQDAT
8215	3	15	RES_DEU
8216	0	0	NORM_OP
8216	1	1	RAMP_LIK
8216	2	2	FIX_5A5A
8216	3	3	FIX_A5A5
8216	4	15	RES_DEU
8217	0	0	NORM_OP
8217	1	1	C_DATA
8217	2	2	C_SEQDAT
8217	3	15	RES_DEU
8222	0	0	NORM_OP
8222	1	1	ATM_SAMP
8222	10	10	MIE_CDS
8222	11	11	RAY_CDS
8222	12	12	MIE_SEQ
8222	13	13	RAY_SEQ
8222	14	14	MIE_TEST
8222	15	15	RAY_TEST
8222	2	2	ATM_TEST
8222	3	3	TH_CTRL
8222	4	4	PROT
8222	5	5	OBSERV
8222	6	6	SEQ_TRIG
8222	7	7	SEQ_DATA
8222	8	8	SYNC_SIG
8222	9	9	ADC_READ
8224	0	0	AN_CHOF6
8224	1	1	MIE_ACCD
8224	10	10	AN_CHOF1
8224	11	11	MIE_VDIG
8224	12	12	MIE_VBIA
8224	13	13	MIE_VANP
8224	14	14	MIE_VANN
8224	15	15	AN_CHOF2
8224	16	16	AN_CHOF3
8224	17	17	RAY_ACCD
8224	18	18	TEMP3_CV
8224	19	19	RAY_TECC
8224	2	2	T1_VIDEO
8224	20	20	CV_TECT
8224	21	21	AN_CHOF0
8224	22	22	DEU_VADC
8224	23	23	DEU_VANP
8224	24	24	DEU_VANN
8224	25	25	AN_CHGAI
8224	26	26	AN_CHOF7
8224	27	27	RAY_VDIG
8224	28	28	RAY_VBIA
8224	29	29	RAY_VANP
8224	3	3	MIE_TECC
8224	30	30	RAY_VANN
8224	31	31	AN_CHOF5
8224	4	4	T2_FPGA
8224	5	5	AN_CHOF4
8224	6	6	T5_CV_MI
8224	7	7	T6_CV_RA
8224	8	8	DEU_VCOR
8224	9	9	DEU_VDIG
8260	0	0	INACTIVE
8260	1	1	ACTIVE
8261	0	0	NOTCOMPL
8261	1	1	COMPL
8262	0	0	ABORTED
8262	1	1	OK
8263	0	0	MCLK_IR
8263	1	1	OK
8264	0	0	AB_BYOBS
8264	1	1	OK
8265	0	0	F_CMDOBS
8265	1	1	OK
8266	0	0	F_OVRCUR
8266	1	1	OK
8268	0	0	F_LTCHUP
8268	1	1	OK
8270	0	0	NORM_OP
8270	1	1	TEST_DEU
8271	0	0	MSBS9
8271	1	1	MSBS10
8271	2	2	MSBS11
8271	3	3	MSBS12
8271	4	4	MSBS13
8271	5	5	MSBS14
8271	6	6	MSBS15
8271	7	7	MSBS16
8272	0	0	UNUSED
8272	12	12	ON
8272	3	3	OFF
8273	0	0	OPEN
8273	1	1	CLOSED
8403	0	0	TAPS_16
8403	1	1	TAPS_8
8403	2	2	TAPS_4
8403	3	3	TAPS_2
8404	0	0	IR_0
8404	1	1	IR_4_5
8404	2	2	IR_9
8404	3	3	IR_18
8405	0	0	NEVER
8405	1	1	MANUAL
8405	2	2	EV_90MIN
8405	3	3	CONTIN
8406	0	0	AT_4_8
8406	1	1	AT_5_8
8406	2	2	AT_6_8
8406	3	3	AT_7_8
8407	0	0	OCK_OFF
8407	1	1	OONBON
8407	2	2	OONBOFF
8407	3	3	OONSCAN
8409	0	0	S_G_095
8409	1	1	S_095
8409	2	2	S_075
8409	3	3	S_L_045
8410	0	0	PEAK_0
8410	1	1	PEAK_1
8410	2	2	PEAK_2
8410	3	3	PEAK_G2
8411	0	0	DISABLED
8411	1	1	DIS_SCAN
8411	2	2	ENABLED
8411	3	3	EN_SCAN
8412	0	0	S_L_08
8412	1	1	S_095
8412	2	2	S_1_05
8412	3	3	S_G_1_2
8413	0	0	VERY_LOW
8413	1	1	LOW
8413	2	2	NORM
8413	3	3	SATUR
8416	0	0	VERY_LOW
8416	1	1	LOW
8416	2	2	MED
8416	3	3	HIGH
8430	0	0	STBY_TXA
8430	1	1	INIT
8430	2	2	BWU
8430	3	3	BURST
8430	7	7	B_FTUN
8431	0	0	NOK
8431	1	1	OK
8456	0	0	OFF
8456	1	1	ON
8457	0	0	PROT_OFF
8457	1	1	PROT_ON
8458	0	0	NOTTUNED
8458	1	1	TUNED
8459	0	0	NOTLOCKD
8459	1	1	LOCKED
8460	0	0	NOTRANGE
8460	1	1	IN_RANGE
8462	0	0	LOW_CUR
8462	1	1	HIGH_CUR
8463	0	0	RED
8463	1	1	NOM
8464	0	0	PROT_DIS
8464	1	1	PROT_EN
8465	0	0	NORM_OP
8465	1	1	FAILURE
8466	0	0	NORM_OP
8466	1	1	CMD_REJ
8467	1	1	INIT
8467	16	16	BWU
8467	256	256	BURST
8467	4096	4096	B_FTUN
8467	4369	4369	STBY_TXA
8468	0	0	DISABLED
8468	1	1	ENABLED
8469	0	0	RPATHSEL
8469	1	1	NPATHSEL
8477	0	0	C_PK_DET
8477	1	1	S_PK_DET
8477	2	2	SPARE2
8477	3	3	SPARE3
8479	0	0	MAXIMUM
8479	1	1	RED_30
8479	2	2	RED_5
8479	3	3	UNDEF
8483	0	0	OFF
8483	1	1	ON_WU_1
8483	2	2	ON_WU_2
8483	3	3	ON_STEAD
8484	0	0	NORM_OP
8484	1	1	ERROR
8491	0	0	OK
8491	1	65535	FAILURE
996	0	0	LEAST_SQUARES
996	1	1	DIFFERENCE
997	0	0	AD
997	1	1	BD
998	0	0	DISABLED
998	1	1	ENABLED
999	0	0	FALSE
999	1	1	TRUE
